-8.498059701247797637e-01
4.271332121814429006e-01
1.841963747189012124e-01
6.418313641164997696e-01
-2.600745029767302374e-01
8.150338433139373562e-01
3.106672287312231551e-01
-7.166152223181292413e-01
2.630023725915062172e-01
-1.237120487086026954e-02
-3.727863998240674714e-01
3.967111473759554752e-02
-3.483612697146178938e-01
-4.113561305721349926e-01
8.272485506054411131e-01
5.838371059265264895e-01
-1.882761123619792684e-02
-3.396500121722741961e-01
3.916464154988489876e-01
-6.388016674005213558e-01
-4.487559754610576657e-01
-7.939222506256549128e-01
-3.487007869950276562e-01
-5.418758788947265481e-01
2.871186004832827487e-01
-7.298904132575754211e-01
-1.000000000000000000e+00
-1.424559423603640185e-01
-4.630211152845512546e-01
1.000000000000000000e+00
1.000000000000000000e+00
6.854555994506975614e-01
-1.978783281252181059e-01
-1.000000000000000000e+00
-8.111012754578513784e-01
4.796166293146619242e-01
-1.000000000000000000e+00
2.834023130689146130e-01
-1.000000000000000000e+00
6.555598299407879859e-01
-7.594802743513748844e-01
-4.880551859193155151e-01
-1.000000000000000000e+00
-5.984719180314325426e-02
-8.030300093942719375e-01
4.360330969016331659e-01
1.757521645151663425e-02
1.648121012636084848e-01
-2.946407418135610357e-01
-5.460822784559919985e-01
-5.788218540023636755e-02
7.240418954444594046e-01
-1.074605936314743521e-01
1.000000000000000000e+00
-8.422980354012568061e-01
4.529524616221137223e-01
-5.021698810723390638e-01
6.810243658655316112e-01
-9.493810546513566928e-01
1.635821055221500231e-01
-3.342884445853916975e-01
-6.474382441051037551e-01
5.756716648285389315e-01
-6.153870343269810528e-01
6.932302955940932154e-01
5.651818623834182764e-01
5.138180221251599233e-01
1.000000000000000000e+00
7.341399812475117581e-02
5.845190916083236043e-01
7.438519034512992567e-01
-1.219109372011939613e-01
7.459478211541004100e-01
6.625055698279458394e-01
1.620530942217181802e-01
-1.769061921342335586e-01
-9.126798172538257425e-01
-2.327138667489543622e-01
-4.587066335138939577e-01
1.383762528438777228e-01
-2.731373249283028937e-01
8.306289431423921066e-01
3.616721867121257539e-01
-3.555531634586190926e-01
-7.929895846550092386e-01
-2.924469948062454749e-01
-6.951709767282864272e-01
-7.379460083625862810e-01
-2.169372201779586895e-01
1.969554541591874430e-01
2.683714986594816776e-01
1.327014410181479032e-01
1.860289740061400188e-01
5.468420204902304516e-01
-1.578996073179838588e-01
6.954008310824797423e-01
-6.667701095796501054e-01
3.918978458876676285e-03
6.635344488945590369e-01
6.214228529381001787e-01
7.749094745812529217e-01
3.851708820864947480e-01
-1.640918643770589991e-01
3.094808411547556037e-01
-3.595365172845107482e-01
1.158232732279874944e-02
4.762420053405622133e-01
-5.280242092407342325e-01
6.408291542872806001e-01
1.596163460061631734e-01
-9.826020260959081876e-01
1.647396529691113054e-01
-4.423499487579968248e-01
7.137265117255506275e-02
-4.436933013155249794e-01
-6.706126159794949526e-01
-4.554728036370230271e-01
-9.202774131133572011e-01
-4.557846354140288603e-01
7.711613670401532561e-01
-2.333330313099849507e-01
-4.191451079650694855e-01
7.191503144976467699e-01
1.000000000000000000e+00
-1.741722951054119339e-01
-1.989028269488640477e-01
1.000000000000000000e+00
-2.772490804930713981e-01
4.524757467238158526e-01
6.947071057184299736e-01
-8.986199126107203838e-01
3.219768015037022257e-01
-6.895053644586907060e-01
-1.000000000000000000e+00
5.991685772931913956e-01
-3.615373809610334943e-01
-7.110449486623651172e-01
1.120846043152429750e-01
8.783539077681733476e-01
5.581621283142220724e-01
-2.513437734941179058e-01
5.703636767618947001e-01
1.000000000000000000e+00
-1.000000000000000000e+00
1.335294693624432816e-01
8.637279546935670016e-01
-1.309516697481885872e-01
-1.000000000000000000e+00
-7.621017006950285833e-01
-8.976255337897803832e-01
-6.192216045646787848e-01
-2.123360714716171216e-01
-2.268449631185194826e-01
1.094026656803971653e-02
-6.736693148526743391e-01
4.242789843615782930e-01
-1.598734060179727301e-01
3.235338095969159111e-01
-6.576023157026241739e-01
1.464393284063931211e-01
2.855592522444745374e-01
5.380788367851974119e-01
-2.050285723182682096e-02
3.516623732606737329e-01
9.714790124060591614e-01
6.516084495239463648e-01
4.210899020501662204e-01
5.330578985156029237e-01
1.084909732976581803e-01
5.212583230767598996e-01
5.154282299270247503e-01
6.969867231298171317e-01
-2.087327498853921715e-01
4.433079977526526716e-01
4.915832335870737313e-01
-7.918950307521979703e-02
-6.875062525831193705e-01
1.430670815129652662e-01
-4.018503759394201902e-01
-1.000000000000000000e+00
8.115934425143939146e-02
1.000000000000000000e+00
-3.004353891872492133e-01
-3.261993794915960532e-01
7.215242757666734397e-01
6.888120072180585751e-01
5.018168421170348115e-01
6.662288171722758889e-01
-6.615142722264906183e-01
1.130793590577656299e-01
2.172814483585489009e-01
1.000000000000000000e+00
2.653642903379410112e-01
-1.368413503468618453e-01
2.105248660294659624e-01
5.724629689636111241e-02
1.000000000000000000e+00
1.794277346637608295e-01
-1.537777551099782647e-01
8.223078315577387887e-01
-3.174091458554740841e-01
-1.000000000000000000e+00
-8.450164843781232671e-01
-5.295117645918148153e-01
-1.000000000000000000e+00
-6.781083404607732845e-01
9.836618808965715000e-02
-6.068416786554534648e-01
9.095382482160327964e-01
-4.051454277650914371e-01
-1.798635834567934855e-01
6.946839535051824166e-01
-4.600245131933887455e-02
2.127129802371519329e-01
6.033677538166132281e-01
7.150690989833790034e-01
-2.253093438187259712e-01
-2.930049141332968093e-02
-4.545945020499921330e-01
4.539789765750681383e-01
-7.573136538315994315e-01
-1.723648628224652146e-01
-4.811883907206300215e-01
4.723193440799093867e-01
5.579906641468466155e-01
7.199935811054791746e-01
-2.210705641244083142e-02
2.029694097303198774e-01
-4.369098529159272104e-01
-4.691019732707374379e-01
4.516836764089282585e-01
-7.903513681559450887e-01
1.017746047020055833e-01
-6.106868507290920123e-01
-1.265661065744642655e-01
1.000000000000000000e+00
-2.950839146617774689e-01
6.130207076932711052e-01
1.923881188827490374e-01
-6.635062106490731137e-01
-2.113435143512057413e-01
6.423709015200941286e-01
1.706626082126694310e-01
-3.081117576707094186e-01
-2.805473144982210121e-01
-5.655549326312903080e-03
2.349910857694313127e-01
3.071554583239050062e-01
-4.627242609428211528e-02
-3.616289693653891302e-01
-2.803949560471249436e-01
5.739776434179890696e-01
6.564017878419183827e-01
-1.469259097977596018e-01
-4.317968401629956876e-01
-4.375224263348592713e-01
7.242926088005887664e-01
-4.429274725519225520e-01
8.532353780840173929e-01
-5.491482659825717150e-01
5.598784108322123199e-02
2.254946871260053443e-01
-4.569065996630896631e-01
4.122934353428165388e-01
-8.609118133756008540e-01
